BFS begin
0.017975
0.011801
0.013636
0.015747
0.010476
================================================
0.016150
0.019076
0.019309
0.017211
0.011840
================================================
0.018958
0.020667
0.022642
0.017184
0.016526
================================================
0.016296
0.021874
0.017240
0.020701
0.017156
================================================
0.021950
0.015475
0.020860
0.019922
0.022998
================================================
0.017452
0.021879
0.019588
0.022521
0.023140
================================================
0.018480
0.014235
0.021634
0.024223
0.021187
================================================
0.021417
0.019095
0.024419
0.024853
0.026091
================================================
